1224
20.0 -100.0 -100.0 -470 0 0
20.0 -91.72893218813452 -100.0 -470 0 0
20.0 -83.74398616764634 -100.0 -470 0 0
20.0 -76.02228101882848 -100.0 -470 0 0
20.0 -68.54147947537366 -100.0 -470 0 0
20.0 -61.279727581598834 -100.0 -470 0 0
20.0 -54.21559827443077 -100.0 -470 0 0
20.0 -47.328039242593285 -100.0 -470 0 0
20.0 -40.59632538101556 -100.0 -470 0 0
20.0 -34.00001607871429 -100.0 -470 0 0
20.0 -27.518917449320774 -100.0 -470 0 0
20.0 -21.133049436735384 -100.0 -470 0 0
20.0 -14.822617513087565 -100.0 -470 0 0
20.0 -8.567988449066325 -100.0 -470 0 0
20.0 -2.3496694013015924 -100.0 -470 0 0
20.0 3.8517106448195317 -100.0 -470 0 0
20.0 10.055418188954036 -100.0 -470 0 0
20.0 16.280632471687348 -100.0 -470 0 0
20.0 22.54646384315989 -100.0 -470 0 0
20.0 28.87197431330599 -100.0 -470 0 0
20.0 35.27620117729554 -100.0 -470 0 0
20.0 41.77818438396006 -100.0 -470 0 0
20.0 48.396998066497076 -100.0 -470 0 0
20.0 55.15178641121565 -100.0 -470 0 0
20.0 62.06180382457534 -100.0 -470 0 0
20.0 69.14645918703287 -100.0 -470 0 0
20.0 76.42536386182915 -100.0 -470 0 0
20.0 83.91838305801252 -100.0 -470 0 0
20.0 91.6456901243055 -100.0 -470 0 0
20.0 99.62782336510081 -100.0 -470 0 0
20.0 -96.06928012537486 -94.63064249653648 -470 0 0
20.0 -87.98542973128085 -94.63064249653648 -470 0 0
20.0 -80.18930642708114 -94.63064249653648 -470 0 0
20.0 -72.65860004384335 -94.63064249653648 -470 0 0
20.0 -65.37154771433262 -94.63064249653648 -470 0 0
20.0 -58.306873215206764 -94.63064249653648 -470 0 0
20.0 -51.44372998619454 -94.63064249653648 -470 0 0
20.0 -44.7616482199547 -94.63064249653648 -470 0 0
20.0 -38.24048640838447 -94.63064249653648 -470 0 0
20.0 -31.860387678950964 -94.63064249653648 -470 0 0
20.0 -25.601741150674123 -94.63064249653648 -470 0 0
20.0 -19.40174115067412 -94.63064249653648 -470 0 0
20.0 -13.201741150674122 -94.63064249653648 -470 0 0
20.0 -7.001741150674123 -94.63064249653648 -470 0 0
20.0 -0.8017411506741228 -94.63064249653648 -470 0 0
20.0 5.398258849325877 -94.63064249653648 -470 0 0
20.0 11.598258849325877 -94.63064249653648 -470 0 0
20.0 17.798258849325876 -94.63064249653648 -470 0 0
20.0 23.99825884932588 -94.63064249653648 -470 0 0
20.0 30.198258849325875 -94.63064249653648 -470 0 0
20.0 36.39825884932588 -94.63064249653648 -470 0 0
20.0 42.600533228641005 -94.63064249653648 -470 0 0
20.0 48.91187184101588 -94.63064249653648 -470 0 0
20.0 55.35073205377467 -94.63064249653648 -470 0 0
20.0 61.93565920087035 -94.63064249653648 -470 0 0
20.0 68.68532844451646 -94.63064249653648 -470 0 0
20.0 75.61859056793868 -94.63064249653648 -470 0 0
20.0 82.75452126662624 -94.63064249653648 -470 0 0
20.0 90.11247347600415 -94.63064249653648 -470 0 0
20.0 97.71213228587756 -94.63064249653648 -470 0 0
20.0 -100.0 -89.26128499307296 -470 0 0
20.0 -92.09784046022952 -89.26128499307296 -470 0 0
20.0 -84.48504286166684 -89.26128499307296 -470 0 0
20.0 -77.1398619314679 -89.26128499307296 -470 0 0
20.0 -70.04110458406402 -89.26128499307296 -470 0 0
20.0 -63.16806894827554 -89.26128499307296 -470 0 0
20.0 -56.50048677393452 -89.26128499307296 -470 0 0
20.0 -50.01846963928176 -89.26128499307296 -470 0 0
20.0 -43.702459400905 -89.26128499307296 -470 0 0
20.0 -37.502459400904996 -89.26128499307296 -470 0 0
20.0 -31.302459400904997 -89.26128499307296 -470 0 0
20.0 -25.102459400904998 -89.26128499307296 -470 0 0
20.0 -18.902459400905 -89.26128499307296 -470 0 0
20.0 -12.702459400905 -89.26128499307296 -470 0 0
20.0 -6.502459400904999 -89.26128499307296 -470 0 0
20.0 -0.3024594009049988 -89.26128499307296 -470 0 0
20.0 5.897540599095001 -89.26128499307296 -470 0 0
20.0 12.097540599095002 -89.26128499307296 -470 0 0
20.0 18.297540599095 -89.26128499307296 -470 0 0
20.0 24.497540599095 -89.26128499307296 -470 0 0
20.0 30.697540599095 -89.26128499307296 -470 0 0
20.0 36.897540599095 -89.26128499307296 -470 0 0
20.0 43.097540599095005 -89.26128499307296 -470 0 0
20.0 49.29754059909501 -89.26128499307296 -470 0 0
20.0 55.59602677337606 -89.26128499307296 -470 0 0
20.0 62.05399577090746 -89.26128499307296 -470 0 0
20.0 68.68959035424203 -89.26128499307296 -470 0 0
20.0 75.52116136543601 -89.26128499307296 -470 0 0
20.0 82.56731882410038 -89.26128499307296 -470 0 0
20.0 89.84698557821102 -89.26128499307296 -470 0 0
20.0 97.3794530704501 -89.26128499307296 -470 0 0
20.0 -96.24599702158308 -83.89192748960944 -470 0 0
20.0 -88.51954019227632 -83.89192748960944 -470 0 0
20.0 -81.08410470884863 -83.89192748960944 -470 0 0
20.0 -73.91850331127814 -83.89192748960944 -470 0 0
20.0 -67.00210721512529 -83.89192748960944 -470 0 0
20.0 -60.31478486546271 -83.89192748960944 -470 0 0
20.0 -53.83684372480333 -83.89192748960944 -470 0 0
20.0 -47.54897552635427 -83.89192748960944 -470 0 0
20.0 -41.348975526354266 -83.89192748960944 -470 0 0
20.0 -35.14897552635426 -83.89192748960944 -470 0 0
20.0 -28.94897552635426 -83.89192748960944 -470 0 0
20.0 -22.748975526354265 -83.89192748960944 -470 0 0
20.0 -16.548975526354262 -83.89192748960944 -470 0 0
20.0 -10.348975526354264 -83.89192748960944 -470 0 0
20.0 -4.148975526354264 -83.89192748960944 -470 0 0
20.0 2.051024473645736 -83.89192748960944 -470 0 0
20.0 8.251024473645735 -83.89192748960944 -470 0 0
20.0 14.451024473645736 -83.89192748960944 -470 0 0
20.0 20.651024473645734 -83.89192748960944 -470 0 0
20.0 26.851024473645737 -83.89192748960944 -470 0 0
20.0 33.05102447364573 -83.89192748960944 -470 0 0
20.0 39.251024473645735 -83.89192748960944 -470 0 0
20.0 45.45102447364574 -83.89192748960944 -470 0 0
20.0 51.65102447364574 -83.89192748960944 -470 0 0
20.0 57.851024473645744 -83.89192748960944 -470 0 0
20.0 64.05102447364574 -83.89192748960944 -470 0 0
20.0 70.41667697335912 -83.89192748960944 -470 0 0
20.0 76.97432748502881 -83.89192748960944 -470 0 0
20.0 83.74188337131667 -83.89192748960944 -470 0 0
20.0 90.73755341620164 -83.89192748960944 -470 0 0
20.0 97.97990261677846 -83.89192748960944 -470 0 0
20.0 -100.0 -78.52256998614592 -470 0 0
20.0 -92.44276121314662 -78.52256998614592 -470 0 0
20.0 -85.17822122689456 -78.52256998614592 -470 0 0
20.0 -78.18574261912073 -78.52256998614592 -470 0 0
20.0 -71.44525429539587 -78.52256998614592 -470 0 0
20.0 -64.93719006289007 -78.52256998614592 -470 0 0
20.0 -58.642429850060346 -78.52256998614592 -470 0 0
20.0 -52.44242985006034 -78.52256998614592 -470 0 0
20.0 -46.24242985006034 -78.52256998614592 -470 0 0
20.0 -40.04242985006034 -78.52256998614592 -470 0 0
20.0 -33.842429850060334 -78.52256998614592 -470 0 0
20.0 -27.642429850060335 -78.52256998614592 -470 0 0
20.0 -21.442429850060336 -78.52256998614592 -470 0 0
20.0 -15.242429850060336 -78.52256998614592 -470 0 0
20.0 -9.042429850060337 -78.52256998614592 -470 0 0
20.0 -2.842429850060337 -78.52256998614592 -470 0 0
20.0 3.3575701499396633 -78.52256998614592 -470 0 0
20.0 9.557570149939664 -78.52256998614592 -470 0 0
20.0 15.757570149939664 -78.52256998614592 -470 0 0
20.0 21.957570149939663 -78.52256998614592 -470 0 0
20.0 28.157570149939662 -78.52256998614592 -470 0 0
20.0 34.35757014993966 -78.52256998614592 -470 0 0
20.0 40.557570149939664 -78.52256998614592 -470 0 0
20.0 46.75757014993967 -78.52256998614592 -470 0 0
20.0 52.95757014993967 -78.52256998614592 -470 0 0
20.0 59.15757014993967 -78.52256998614592 -470 0 0
20.0 65.35757014993968 -78.52256998614592 -470 0 0
20.0 71.66575132652628 -78.52256998614592 -470 0 0
20.0 78.18124140516076 -78.52256998614592 -470 0 0
20.0 84.92157093166034 -78.52256998614592 -470 0 0
20.0 91.90462099342062 -78.52256998614592 -470 0 0
20.0 99.14867868614111 -78.52256998614592 -470 0 0
20.0 -96.35921163308858 -73.1532124826824 -470 0 0
20.0 -88.96417480984522 -73.1532124826824 -470 0 0
20.0 -81.86352406151565 -73.1532124826824 -470 0 0
20.0 -75.03716201744255 -73.1532124826824 -470 0 0
20.0 -68.4655671953205 -73.1532124826824 -470 0 0
20.0 -62.129732548205325 -73.1532124826824 -470 0 0
20.0 -55.92973254820532 -73.1532124826824 -470 0 0
20.0 -49.72973254820532 -73.1532124826824 -470 0 0
20.0 -43.52973254820532 -73.1532124826824 -470 0 0
20.0 -37.329732548205314 -73.1532124826824 -470 0 0
20.0 -31.12973254820531 -73.1532124826824 -470 0 0
20.0 -24.929732548205312 -73.1532124826824 -470 0 0
20.0 -18.729732548205313 -73.1532124826824 -470 0 0
20.0 -12.529732548205313 -73.1532124826824 -470 0 0
20.0 -6.329732548205313 -73.1532124826824 -470 0 0
20.0 -0.12973254820531288 -73.1532124826824 -470 0 0
20.0 6.070267451794687 -73.1532124826824 -470 0 0
20.0 12.270267451794687 -73.1532124826824 -470 0 0
20.0 18.470267451794687 -73.1532124826824 -470 0 0
20.0 24.670267451794686 -73.1532124826824 -470 0 0
20.0 30.870267451794685 -73.1532124826824 -470 0 0
20.0 37.070267451794685 -73.1532124826824 -470 0 0
20.0 43.27026745179469 -73.1532124826824 -470 0 0
20.0 49.47026745179469 -73.1532124826824 -470 0 0
20.0 55.67026745179469 -73.1532124826824 -470 0 0
20.0 61.870267451794696 -73.1532124826824 -470 0 0
20.0 68.07026745179469 -73.1532124826824 -470 0 0
20.0 74.2702674517947 -73.1532124826824 -470 0 0
20.0 80.55453628131642 -73.1532124826824 -470 0 0
20.0 87.06187014936569 -73.1532124826824 -470 0 0
20.0 93.80949788162464 -73.1532124826824 -470 0 0
20.0 100.81505312468391 -73.1532124826824 -470 0 0
20.0 -100.0 -67.78385497921889 -470 0 0
20.0 -92.75958383142274 -67.78385497921889 -470 0 0
20.0 -85.8152406600013 -67.78385497921889 -470 0 0
20.0 -79.14740138717659 -67.78385497921889 -470 0 0
20.0 -72.73708418421604 -67.78385497921889 -470 0 0
20.0 -66.53708418421604 -67.78385497921889 -470 0 0
20.0 -60.33708418421604 -67.78385497921889 -470 0 0
20.0 -54.137084184216036 -67.78385497921889 -470 0 0
20.0 -47.93708418421603 -67.78385497921889 -470 0 0
20.0 -41.73708418421603 -67.78385497921889 -470 0 0
20.0 -35.53708418421603 -67.78385497921889 -470 0 0
20.0 -29.337084184216028 -67.78385497921889 -470 0 0
20.0 -23.13708418421603 -67.78385497921889 -470 0 0
20.0 -16.93708418421603 -67.78385497921889 -470 0 0
20.0 -10.73708418421603 -67.78385497921889 -470 0 0
20.0 -4.53708418421603 -67.78385497921889 -470 0 0
20.0 1.66291581578397 -67.78385497921889 -470 0 0
20.0 7.86291581578397 -67.78385497921889 -470 0 0
20.0 14.06291581578397 -67.78385497921889 -470 0 0
20.0 20.26291581578397 -67.78385497921889 -470 0 0
20.0 26.46291581578397 -67.78385497921889 -470 0 0
20.0 32.66291581578397 -67.78385497921889 -470 0 0
20.0 38.86291581578397 -67.78385497921889 -470 0 0
20.0 45.062915815783974 -67.78385497921889 -470 0 0
20.0 51.26291581578398 -67.78385497921889 -470 0 0
20.0 57.46291581578398 -67.78385497921889 -470 0 0
20.0 63.66291581578398 -67.78385497921889 -470 0 0
20.0 69.86291581578398 -67.78385497921889 -470 0 0
20.0 76.06291581578398 -67.78385497921889 -470 0 0
20.0 82.3570835982198 -67.78385497921889 -470 0 0
20.0 88.89031437670856 -67.78385497921889 -470 0 0
20.0 95.67962090476593 -67.78385497921889 -470 0 0
20.0 -96.56666039312593 -62.41449747575537 -470 0 0
20.0 -89.47268688301598 -62.41449747575537 -470 0 0
20.0 -82.67646064266185 -62.41449747575537 -470 0 0
20.0 -76.15892662909738 -62.41449747575537 -470 0 0
20.0 -69.90163033074565 -62.41449747575537 -470 0 0
20.0 -63.70163033074564 -62.41449747575537 -470 0 0
20.0 -57.501630330745634 -62.41449747575537 -470 0 0
20.0 -51.30163033074563 -62.41449747575537 -470 0 0
20.0 -45.10163033074563 -62.41449747575537 -470 0 0
20.0 -38.901630330745625 -62.41449747575537 -470 0 0
20.0 -32.70163033074562 -62.41449747575537 -470 0 0
20.0 -26.501630330745623 -62.41449747575537 -470 0 0
20.0 -20.301630330745624 -62.41449747575537 -470 0 0
20.0 -14.101630330745625 -62.41449747575537 -470 0 0
20.0 -7.901630330745626 -62.41449747575537 -470 0 0
20.0 -1.7016303307456262 -62.41449747575537 -470 0 0
20.0 4.498369669254374 -62.41449747575537 -470 0 0
20.0 10.698369669254374 -62.41449747575537 -470 0 0
20.0 16.898369669254375 -62.41449747575537 -470 0 0
20.0 23.098369669254375 -62.41449747575537 -470 0 0
20.0 29.298369669254374 -62.41449747575537 -470 0 0
20.0 35.49836966925437 -62.41449747575537 -470 0 0
20.0 41.698369669254376 -62.41449747575537 -470 0 0
20.0 47.89836966925438 -62.41449747575537 -470 0 0
20.0 54.09836966925438 -62.41449747575537 -470 0 0
20.0 60.298369669254384 -62.41449747575537 -470 0 0
20.0 66.49836966925439 -62.41449747575537 -470 0 0
20.0 72.69836966925438 -62.41449747575537 -470 0 0
20.0 78.89836966925438 -62.41449747575537 -470 0 0
20.0 85.09836966925438 -62.41449747575537 -470 0 0
20.0 91.43761733555743 -62.41449747575537 -470 0 0
20.0 98.03213362381219 -62.41449747575537 -470 0 0
20.0 -100.0 -57.04513997229185 -470 0 0
20.0 -93.04366696705742 -57.04513997229185 -470 0 0
20.0 -86.38672827463677 -57.04513997229185 -470 0 0
20.0 -80.01062577940584 -57.04513997229185 -470 0 0
20.0 -73.81062577940584 -57.04513997229185 -470 0 0
20.0 -67.61062577940584 -57.04513997229185 -470 0 0
20.0 -61.410625779405834 -57.04513997229185 -470 0 0
20.0 -55.21062577940583 -57.04513997229185 -470 0 0
20.0 -49.01062577940583 -57.04513997229185 -470 0 0
20.0 -42.810625779405825 -57.04513997229185 -470 0 0
20.0 -36.61062577940582 -57.04513997229185 -470 0 0
20.0 -30.410625779405823 -57.04513997229185 -470 0 0
20.0 -24.210625779405824 -57.04513997229185 -470 0 0
20.0 -18.010625779405824 -57.04513997229185 -470 0 0
20.0 -11.810625779405825 -57.04513997229185 -470 0 0
20.0 -5.610625779405825 -57.04513997229185 -470 0 0
20.0 0.5893742205941752 -57.04513997229185 -470 0 0
20.0 6.789374220594175 -57.04513997229185 -470 0 0
20.0 12.989374220594176 -57.04513997229185 -470 0 0
20.0 19.189374220594175 -57.04513997229185 -470 0 0
20.0 25.389374220594174 -57.04513997229185 -470 0 0
20.0 31.589374220594173 -57.04513997229185 -470 0 0
20.0 37.789374220594176 -57.04513997229185 -470 0 0
20.0 43.98937422059418 -57.04513997229185 -470 0 0
20.0 50.18937422059418 -57.04513997229185 -470 0 0
20.0 56.389374220594185 -57.04513997229185 -470 0 0
20.0 62.58937422059419 -57.04513997229185 -470 0 0
20.0 68.78937422059418 -57.04513997229185 -470 0 0
20.0 74.98937422059419 -57.04513997229185 -470 0 0
20.0 81.18937422059419 -57.04513997229185 -470 0 0
20.0 87.38937422059419 -57.04513997229185 -470 0 0
20.0 93.80738407137193 -57.04513997229185 -470 0 0
20.0 -96.59059415983593 -51.67578246882833 -470 0 0
20.0 -89.76245359350195 -51.67578246882833 -470 0 0
20.0 -83.2353103900362 -51.67578246882833 -470 0 0
20.0 -76.99108266312459 -51.67578246882833 -470 0 0
20.0 -70.79108266312458 -51.67578246882833 -470 0 0
20.0 -64.59108266312458 -51.67578246882833 -470 0 0
20.0 -58.391082663124585 -51.67578246882833 -470 0 0
20.0 -52.19108266312458 -51.67578246882833 -470 0 0
20.0 -45.99108266312458 -51.67578246882833 -470 0 0
20.0 -39.79108266312458 -51.67578246882833 -470 0 0
20.0 -33.591082663124574 -51.67578246882833 -470 0 0
20.0 -27.39108266312457 -51.67578246882833 -470 0 0
20.0 -21.191082663124572 -51.67578246882833 -470 0 0
20.0 -14.991082663124573 -51.67578246882833 -470 0 0
20.0 -8.791082663124573 -51.67578246882833 -470 0 0
20.0 -2.591082663124574 -51.67578246882833 -470 0 0
20.0 3.608917336875426 -51.67578246882833 -470 0 0
20.0 9.808917336875426 -51.67578246882833 -470 0 0
20.0 16.008917336875427 -51.67578246882833 -470 0 0
20.0 22.208917336875427 -51.67578246882833 -470 0 0
20.0 28.408917336875426 -51.67578246882833 -470 0 0
20.0 34.60891733687542 -51.67578246882833 -470 0 0
20.0 40.808917336875425 -51.67578246882833 -470 0 0
20.0 47.00891733687543 -51.67578246882833 -470 0 0
20.0 53.20891733687543 -51.67578246882833 -470 0 0
20.0 59.40891733687543 -51.67578246882833 -470 0 0
20.0 65.60891733687544 -51.67578246882833 -470 0 0
20.0 71.80891733687544 -51.67578246882833 -470 0 0
20.0 78.00891733687544 -51.67578246882833 -470 0 0
20.0 84.20891733687544 -51.67578246882833 -470 0 0
20.0 90.40891733687545 -51.67578246882833 -470 0 0
20.0 96.66838902234619 -51.67578246882833 -470 0 0
20.0 103.19934213551934 -51.67578246882833 -470 0 0
20.0 -100.0 -46.30642496536481 -470 0 0
20.0 -93.28994442108953 -46.30642496536481 -470 0 0
20.0 -86.88242612463513 -46.30642496536481 -470 0 0
20.0 -80.68242612463513 -46.30642496536481 -470 0 0
20.0 -74.48242612463513 -46.30642496536481 -470 0 0
20.0 -68.28242612463512 -46.30642496536481 -470 0 0
20.0 -62.08242612463512 -46.30642496536481 -470 0 0
20.0 -55.88242612463512 -46.30642496536481 -470 0 0
20.0 -49.682426124635114 -46.30642496536481 -470 0 0
20.0 -43.48242612463511 -46.30642496536481 -470 0 0
20.0 -37.28242612463511 -46.30642496536481 -470 0 0
20.0 -31.08242612463511 -46.30642496536481 -470 0 0
20.0 -24.88242612463511 -46.30642496536481 -470 0 0
20.0 -18.68242612463511 -46.30642496536481 -470 0 0
20.0 -12.482426124635111 -46.30642496536481 -470 0 0
20.0 -6.282426124635111 -46.30642496536481 -470 0 0
20.0 -0.08242612463511101 -46.30642496536481 -470 0 0
20.0 6.117573875364889 -46.30642496536481 -470 0 0
20.0 12.31757387536489 -46.30642496536481 -470 0 0
20.0 18.51757387536489 -46.30642496536481 -470 0 0
20.0 24.717573875364888 -46.30642496536481 -470 0 0
20.0 30.917573875364887 -46.30642496536481 -470 0 0
20.0 37.11757387536489 -46.30642496536481 -470 0 0
20.0 43.31757387536489 -46.30642496536481 -470 0 0
20.0 49.517573875364896 -46.30642496536481 -470 0 0
20.0 55.7175738753649 -46.30642496536481 -470 0 0
20.0 61.9175738753649 -46.30642496536481 -470 0 0
20.0 68.1175738753649 -46.30642496536481 -470 0 0
20.0 74.3175738753649 -46.30642496536481 -470 0 0
20.0 80.5175738753649 -46.30642496536481 -470 0 0
20.0 86.7175738753649 -46.30642496536481 -470 0 0
20.0 92.91757387536491 -46.30642496536481 -470 0 0
20.0 99.30842171747048 -46.30642496536481 -470 0 0
20.0 -96.72247941445035 -40.93706746190129 -470 0 0
20.0 -90.11973856086958 -40.93706746190129 -470 0 0
20.0 -83.82099079586794 -40.93706746190129 -470 0 0
20.0 -77.62099079586794 -40.93706746190129 -470 0 0
20.0 -71.42099079586794 -40.93706746190129 -470 0 0
20.0 -65.22099079586793 -40.93706746190129 -470 0 0
20.0 -59.02099079586793 -40.93706746190129 -470 0 0
20.0 -52.82099079586793 -40.93706746190129 -470 0 0
20.0 -46.620990795867925 -40.93706746190129 -470 0 0
20.0 -40.42099079586792 -40.93706746190129 -470 0 0
20.0 -34.22099079586792 -40.93706746190129 -470 0 0
20.0 -28.020990795867924 -40.93706746190129 -470 0 0
20.0 -21.82099079586792 -40.93706746190129 -470 0 0
20.0 -15.620990795867923 -40.93706746190129 -470 0 0
20.0 -9.420990795867924 -40.93706746190129 -470 0 0
20.0 -3.220990795867924 -40.93706746190129 -470 0 0
20.0 2.979009204132076 -40.93706746190129 -470 0 0
20.0 9.179009204132075 -40.93706746190129 -470 0 0
20.0 15.379009204132077 -40.93706746190129 -470 0 0
20.0 21.579009204132078 -40.93706746190129 -470 0 0
20.0 27.779009204132073 -40.93706746190129 -470 0 0
20.0 33.979009204132076 -40.93706746190129 -470 0 0
20.0 40.17900920413208 -40.93706746190129 -470 0 0
20.0 46.37900920413208 -40.93706746190129 -470 0 0
20.0 52.579009204132085 -40.93706746190129 -470 0 0
20.0 58.77900920413209 -40.93706746190129 -470 0 0
20.0 64.97900920413208 -40.93706746190129 -470 0 0
20.0 71.17900920413209 -40.93706746190129 -470 0 0
20.0 77.37900920413209 -40.93706746190129 -470 0 0
20.0 83.57900920413209 -40.93706746190129 -470 0 0
20.0 89.7790092041321 -40.93706746190129 -470 0 0
20.0 95.9790092041321 -40.93706746190129 -470 0 0
20.0 102.24591395074059 -40.93706746190129 -470 0 0
20.0 -100.0 -35.567709958437774 -470 0 0
20.0 -93.49315018309177 -35.567709958437774 -470 0 0
20.0 -87.29164262965209 -35.567709958437774 -470 0 0
20.0 -81.09164262965209 -35.567709958437774 -470 0 0
20.0 -74.89164262965208 -35.567709958437774 -470 0 0
20.0 -68.69164262965208 -35.567709958437774 -470 0 0
20.0 -62.49164262965208 -35.567709958437774 -470 0 0
20.0 -56.291642629652074 -35.567709958437774 -470 0 0
20.0 -50.09164262965207 -35.567709958437774 -470 0 0
20.0 -43.89164262965207 -35.567709958437774 -470 0 0
20.0 -37.691642629652065 -35.567709958437774 -470 0 0
20.0 -31.491642629652066 -35.567709958437774 -470 0 0
20.0 -25.291642629652067 -35.567709958437774 -470 0 0
20.0 -19.091642629652068 -35.567709958437774 -470 0 0
20.0 -12.891642629652068 -35.567709958437774 -470 0 0
20.0 -6.691642629652068 -35.567709958437774 -470 0 0
20.0 -0.49164262965206795 -35.567709958437774 -470 0 0
20.0 5.708357370347932 -35.567709958437774 -470 0 0
20.0 11.908357370347932 -35.567709958437774 -470 0 0
20.0 18.10835737034793 -35.567709958437774 -470 0 0
20.0 24.30835737034793 -35.567709958437774 -470 0 0
20.0 30.50835737034793 -35.567709958437774 -470 0 0
20.0 36.70835737034793 -35.567709958437774 -470 0 0
20.0 42.908357370347936 -35.567709958437774 -470 0 0
20.0 49.10835737034794 -35.567709958437774 -470 0 0
20.0 55.30835737034794 -35.567709958437774 -470 0 0
20.0 61.508357370347944 -35.567709958437774 -470 0 0
20.0 67.70835737034794 -35.567709958437774 -470 0 0
20.0 73.90835737034794 -35.567709958437774 -470 0 0
20.0 80.10835737034795 -35.567709958437774 -470 0 0
20.0 86.30835737034795 -35.567709958437774 -470 0 0
20.0 92.50835737034795 -35.567709958437774 -470 0 0
20.0 98.70835737034795 -35.567709958437774 -470 0 0
20.0 -96.82142978959924 -30.198352454974255 -470 0 0
20.0 -90.39841808872329 -30.198352454974255 -470 0 0
20.0 -84.19841808872329 -30.198352454974255 -470 0 0
20.0 -77.99841808872328 -30.198352454974255 -470 0 0
20.0 -71.79841808872328 -30.198352454974255 -470 0 0
20.0 -65.59841808872328 -30.198352454974255 -470 0 0
20.0 -59.398418088723275 -30.198352454974255 -470 0 0
20.0 -53.19841808872327 -30.198352454974255 -470 0 0
20.0 -46.99841808872327 -30.198352454974255 -470 0 0
20.0 -40.79841808872327 -30.198352454974255 -470 0 0
20.0 -34.598418088723264 -30.198352454974255 -470 0 0
20.0 -28.398418088723265 -30.198352454974255 -470 0 0
20.0 -22.198418088723265 -30.198352454974255 -470 0 0
20.0 -15.998418088723268 -30.198352454974255 -470 0 0
20.0 -9.798418088723269 -30.198352454974255 -470 0 0
20.0 -3.598418088723268 -30.198352454974255 -470 0 0
20.0 2.601581911276732 -30.198352454974255 -470 0 0
20.0 8.801581911276733 -30.198352454974255 -470 0 0
20.0 15.001581911276732 -30.198352454974255 -470 0 0
20.0 21.201581911276733 -30.198352454974255 -470 0 0
20.0 27.401581911276732 -30.198352454974255 -470 0 0
20.0 33.60158191127673 -30.198352454974255 -470 0 0
20.0 39.801581911276735 -30.198352454974255 -470 0 0
20.0 46.00158191127674 -30.198352454974255 -470 0 0
20.0 52.20158191127674 -30.198352454974255 -470 0 0
20.0 58.40158191127674 -30.198352454974255 -470 0 0
20.0 64.60158191127674 -30.198352454974255 -470 0 0
20.0 70.80158191127674 -30.198352454974255 -470 0 0
20.0 77.00158191127674 -30.198352454974255 -470 0 0
20.0 83.20158191127675 -30.198352454974255 -470 0 0
20.0 89.40158191127675 -30.198352454974255 -470 0 0
20.0 95.60158191127675 -30.198352454974255 -470 0 0
20.0 101.80158191127676 -30.198352454974255 -470 0 0
20.0 -100.0 -24.828994951510737 -470 0 0
20.0 -93.6481850309085 -24.828994951510737 -470 0 0
20.0 -87.44818503090849 -24.828994951510737 -470 0 0
20.0 -81.24818503090849 -24.828994951510737 -470 0 0
20.0 -75.04818503090848 -24.828994951510737 -470 0 0
20.0 -68.84818503090848 -24.828994951510737 -470 0 0
20.0 -62.64818503090848 -24.828994951510737 -470 0 0
20.0 -56.448185030908476 -24.828994951510737 -470 0 0
20.0 -50.24818503090847 -24.828994951510737 -470 0 0
20.0 -44.04818503090847 -24.828994951510737 -470 0 0
20.0 -37.84818503090847 -24.828994951510737 -470 0 0
20.0 -31.64818503090847 -24.828994951510737 -470 0 0
20.0 -25.44818503090847 -24.828994951510737 -470 0 0
20.0 -19.24818503090847 -24.828994951510737 -470 0 0
20.0 -13.04818503090847 -24.828994951510737 -470 0 0
20.0 -6.84818503090847 -24.828994951510737 -470 0 0
20.0 -0.6481850309084702 -24.828994951510737 -470 0 0
20.0 5.55181496909153 -24.828994951510737 -470 0 0
20.0 11.75181496909153 -24.828994951510737 -470 0 0
20.0 17.95181496909153 -24.828994951510737 -470 0 0
20.0 24.15181496909153 -24.828994951510737 -470 0 0
20.0 30.351814969091528 -24.828994951510737 -470 0 0
20.0 36.55181496909153 -24.828994951510737 -470 0 0
20.0 42.751814969091534 -24.828994951510737 -470 0 0
20.0 48.95181496909154 -24.828994951510737 -470 0 0
20.0 55.15181496909154 -24.828994951510737 -470 0 0
20.0 61.35181496909154 -24.828994951510737 -470 0 0
20.0 67.55181496909154 -24.828994951510737 -470 0 0
20.0 73.75181496909154 -24.828994951510737 -470 0 0
20.0 79.95181496909154 -24.828994951510737 -470 0 0
20.0 86.15181496909155 -24.828994951510737 -470 0 0
20.0 92.35181496909155 -24.828994951510737 -470 0 0
20.0 98.55181496909155 -24.828994951510737 -470 0 0
20.0 -96.89005676069436 -19.459637448047218 -470 0 0
20.0 -90.59626703947269 -19.459637448047218 -470 0 0
20.0 -84.39626703947269 -19.459637448047218 -470 0 0
20.0 -78.19626703947269 -19.459637448047218 -470 0 0
20.0 -71.99626703947268 -19.459637448047218 -470 0 0
20.0 -65.79626703947268 -19.459637448047218 -470 0 0
20.0 -59.59626703947268 -19.459637448047218 -470 0 0
20.0 -53.396267039472676 -19.459637448047218 -470 0 0
20.0 -47.19626703947267 -19.459637448047218 -470 0 0
20.0 -40.99626703947267 -19.459637448047218 -470 0 0
20.0 -34.79626703947267 -19.459637448047218 -470 0 0
20.0 -28.59626703947267 -19.459637448047218 -470 0 0
20.0 -22.396267039472672 -19.459637448047218 -470 0 0
20.0 -16.196267039472673 -19.459637448047218 -470 0 0
20.0 -9.996267039472674 -19.459637448047218 -470 0 0
20.0 -3.7962670394726734 -19.459637448047218 -470 0 0
20.0 2.4037329605273268 -19.459637448047218 -470 0 0
20.0 8.603732960527328 -19.459637448047218 -470 0 0
20.0 14.803732960527327 -19.459637448047218 -470 0 0
20.0 21.003732960527326 -19.459637448047218 -470 0 0
20.0 27.203732960527326 -19.459637448047218 -470 0 0
20.0 33.40373296052732 -19.459637448047218 -470 0 0
20.0 39.603732960527324 -19.459637448047218 -470 0 0
20.0 45.80373296052733 -19.459637448047218 -470 0 0
20.0 52.00373296052733 -19.459637448047218 -470 0 0
20.0 58.20373296052733 -19.459637448047218 -470 0 0
20.0 64.40373296052734 -19.459637448047218 -470 0 0
20.0 70.60373296052734 -19.459637448047218 -470 0 0
20.0 76.80373296052734 -19.459637448047218 -470 0 0
20.0 83.00373296052734 -19.459637448047218 -470 0 0
20.0 89.20373296052735 -19.459637448047218 -470 0 0
20.0 95.40373296052735 -19.459637448047218 -470 0 0
20.0 101.60373296052735 -19.459637448047218 -470 0 0
20.0 -100.0 -14.090279944583699 -470 0 0
20.0 -93.75060994056788 -14.090279944583699 -470 0 0
20.0 -87.55060994056788 -14.090279944583699 -470 0 0
20.0 -81.35060994056788 -14.090279944583699 -470 0 0
20.0 -75.15060994056788 -14.090279944583699 -470 0 0
20.0 -68.95060994056787 -14.090279944583699 -470 0 0
20.0 -62.75060994056787 -14.090279944583699 -470 0 0
20.0 -56.55060994056787 -14.090279944583699 -470 0 0
20.0 -50.350609940567864 -14.090279944583699 -470 0 0
20.0 -44.15060994056786 -14.090279944583699 -470 0 0
20.0 -37.95060994056786 -14.090279944583699 -470 0 0
20.0 -31.75060994056786 -14.090279944583699 -470 0 0
20.0 -25.55060994056786 -14.090279944583699 -470 0 0
20.0 -19.35060994056786 -14.090279944583699 -470 0 0
20.0 -13.150609940567861 -14.090279944583699 -470 0 0
20.0 -6.950609940567861 -14.090279944583699 -470 0 0
20.0 -0.7506099405678608 -14.090279944583699 -470 0 0
20.0 5.449390059432139 -14.090279944583699 -470 0 0
20.0 11.64939005943214 -14.090279944583699 -470 0 0
20.0 17.84939005943214 -14.090279944583699 -470 0 0
20.0 24.049390059432138 -14.090279944583699 -470 0 0
20.0 30.249390059432137 -14.090279944583699 -470 0 0
20.0 36.44939005943214 -14.090279944583699 -470 0 0
20.0 42.64939005943214 -14.090279944583699 -470 0 0
20.0 48.849390059432146 -14.090279944583699 -470 0 0
20.0 55.04939005943215 -14.090279944583699 -470 0 0
20.0 61.24939005943215 -14.090279944583699 -470 0 0
20.0 67.44939005943215 -14.090279944583699 -470 0 0
20.0 73.64939005943215 -14.090279944583699 -470 0 0
20.0 79.84939005943215 -14.090279944583699 -470 0 0
20.0 86.04939005943216 -14.090279944583699 -470 0 0
20.0 92.24939005943216 -14.090279944583699 -470 0 0
20.0 98.44939005943216 -14.090279944583699 -470 0 0
20.0 -96.9 -8.72092244112018 -470 0 0
20.0 -90.68102239290111 -8.72092244112018 -470 0 0
20.0 -84.48102239290111 -8.72092244112018 -470 0 0
20.0 -78.28102239290111 -8.72092244112018 -470 0 0
20.0 -72.0810223929011 -8.72092244112018 -470 0 0
20.0 -65.8810223929011 -8.72092244112018 -470 0 0
20.0 -59.68102239290109 -8.72092244112018 -470 0 0
20.0 -53.48102239290109 -8.72092244112018 -470 0 0
20.0 -47.281022392901086 -8.72092244112018 -470 0 0
20.0 -41.08102239290108 -8.72092244112018 -470 0 0
20.0 -34.88102239290108 -8.72092244112018 -470 0 0
20.0 -28.68102239290108 -8.72092244112018 -470 0 0
20.0 -22.48102239290108 -8.72092244112018 -470 0 0
20.0 -16.281022392901082 -8.72092244112018 -470 0 0
20.0 -10.081022392901085 -8.72092244112018 -470 0 0
20.0 -3.8810223929010843 -8.72092244112018 -470 0 0
20.0 2.318977607098916 -8.72092244112018 -470 0 0
20.0 8.518977607098916 -8.72092244112018 -470 0 0
20.0 14.718977607098916 -8.72092244112018 -470 0 0
20.0 20.918977607098917 -8.72092244112018 -470 0 0
20.0 27.118977607098916 -8.72092244112018 -470 0 0
20.0 33.318977607098915 -8.72092244112018 -470 0 0
20.0 39.51897760709892 -8.72092244112018 -470 0 0
20.0 45.71897760709892 -8.72092244112018 -470 0 0
20.0 51.918977607098924 -8.72092244112018 -470 0 0
20.0 58.11897760709893 -8.72092244112018 -470 0 0
20.0 64.31897760709893 -8.72092244112018 -470 0 0
20.0 70.51897760709892 -8.72092244112018 -470 0 0
20.0 76.71897760709892 -8.72092244112018 -470 0 0
20.0 82.91897760709892 -8.72092244112018 -470 0 0
20.0 89.11897760709893 -8.72092244112018 -470 0 0
20.0 95.31897760709893 -8.72092244112018 -470 0 0
20.0 101.51897760709893 -8.72092244112018 -470 0 0
20.0 -100.0 -3.3515649376566605 -470 0 0
20.0 -93.79719254129961 -3.3515649376566605 -470 0 0
20.0 -87.5971925412996 -3.3515649376566605 -470 0 0
20.0 -81.3971925412996 -3.3515649376566605 -470 0 0
20.0 -75.1971925412996 -3.3515649376566605 -470 0 0
20.0 -68.9971925412996 -3.3515649376566605 -470 0 0
20.0 -62.797192541299594 -3.3515649376566605 -470 0 0
20.0 -56.59719254129959 -3.3515649376566605 -470 0 0
20.0 -50.39719254129959 -3.3515649376566605 -470 0 0
20.0 -44.197192541299586 -3.3515649376566605 -470 0 0
20.0 -37.99719254129958 -3.3515649376566605 -470 0 0
20.0 -31.797192541299584 -3.3515649376566605 -470 0 0
20.0 -25.597192541299584 -3.3515649376566605 -470 0 0
20.0 -19.397192541299585 -3.3515649376566605 -470 0 0
20.0 -13.197192541299586 -3.3515649376566605 -470 0 0
20.0 -6.997192541299586 -3.3515649376566605 -470 0 0
20.0 -0.7971925412995855 -3.3515649376566605 -470 0 0
20.0 5.402807458700415 -3.3515649376566605 -470 0 0
20.0 11.602807458700415 -3.3515649376566605 -470 0 0
20.0 17.802807458700414 -3.3515649376566605 -470 0 0
20.0 24.002807458700413 -3.3515649376566605 -470 0 0
20.0 30.202807458700413 -3.3515649376566605 -470 0 0
20.0 36.402807458700416 -3.3515649376566605 -470 0 0
20.0 42.60280745870042 -3.3515649376566605 -470 0 0
20.0 48.80280745870042 -3.3515649376566605 -470 0 0
20.0 55.002807458700424 -3.3515649376566605 -470 0 0
20.0 61.20280745870043 -3.3515649376566605 -470 0 0
20.0 67.40280745870042 -3.3515649376566605 -470 0 0
20.0 73.60280745870043 -3.3515649376566605 -470 0 0
20.0 79.80280745870043 -3.3515649376566605 -470 0 0
20.0 86.00280745870043 -3.3515649376566605 -470 0 0
20.0 92.20280745870043 -3.3515649376566605 -470 0 0
20.0 98.40280745870044 -3.3515649376566605 -470 0 0
20.0 -96.9 2.017792565806859 -470 0 0
20.0 -90.69898223187555 2.017792565806859 -470 0 0
20.0 -84.49898223187554 2.017792565806859 -470 0 0
20.0 -78.29898223187554 2.017792565806859 -470 0 0
20.0 -72.09898223187554 2.017792565806859 -470 0 0
20.0 -65.89898223187554 2.017792565806859 -470 0 0
20.0 -59.698982231875526 2.017792565806859 -470 0 0
20.0 -53.49898223187552 2.017792565806859 -470 0 0
20.0 -47.29898223187552 2.017792565806859 -470 0 0
20.0 -41.09898223187552 2.017792565806859 -470 0 0
20.0 -34.898982231875515 2.017792565806859 -470 0 0
20.0 -28.698982231875515 2.017792565806859 -470 0 0
20.0 -22.498982231875516 2.017792565806859 -470 0 0
20.0 -16.298982231875517 2.017792565806859 -470 0 0
20.0 -10.09898223187552 2.017792565806859 -470 0 0
20.0 -3.8989822318755185 2.017792565806859 -470 0 0
20.0 2.3010177681244817 2.017792565806859 -470 0 0
20.0 8.501017768124482 2.017792565806859 -470 0 0
20.0 14.701017768124482 2.017792565806859 -470 0 0
20.0 20.901017768124483 2.017792565806859 -470 0 0
20.0 27.101017768124482 2.017792565806859 -470 0 0
20.0 33.30101776812448 2.017792565806859 -470 0 0
20.0 39.501017768124484 2.017792565806859 -470 0 0
20.0 45.70101776812449 2.017792565806859 -470 0 0
20.0 51.90101776812449 2.017792565806859 -470 0 0
20.0 58.10101776812449 2.017792565806859 -470 0 0
20.0 64.3010177681245 2.017792565806859 -470 0 0
20.0 70.50101776812448 2.017792565806859 -470 0 0
20.0 76.70101776812449 2.017792565806859 -470 0 0
20.0 82.90101776812449 2.017792565806859 -470 0 0
20.0 89.10101776812449 2.017792565806859 -470 0 0
20.0 95.3010177681245 2.017792565806859 -470 0 0
20.0 101.5010177681245 2.017792565806859 -470 0 0
20.0 -100.0 7.387150069270379 -470 0 0
20.0 -93.78637606462503 7.387150069270379 -470 0 0
20.0 -87.58637606462503 7.387150069270379 -470 0 0
20.0 -81.38637606462503 7.387150069270379 -470 0 0
20.0 -75.18637606462502 7.387150069270379 -470 0 0
20.0 -68.98637606462502 7.387150069270379 -470 0 0
20.0 -62.78637606462502 7.387150069270379 -470 0 0
20.0 -56.586376064625014 7.387150069270379 -470 0 0
20.0 -50.38637606462501 7.387150069270379 -470 0 0
20.0 -44.18637606462501 7.387150069270379 -470 0 0
20.0 -37.986376064625006 7.387150069270379 -470 0 0
20.0 -31.786376064625006 7.387150069270379 -470 0 0
20.0 -25.586376064625007 7.387150069270379 -470 0 0
20.0 -19.386376064625008 7.387150069270379 -470 0 0
20.0 -13.186376064625009 7.387150069270379 -470 0 0
20.0 -6.986376064625008 7.387150069270379 -470 0 0
20.0 -0.7863760646250082 7.387150069270379 -470 0 0
20.0 5.413623935374992 7.387150069270379 -470 0 0
20.0 11.613623935374992 7.387150069270379 -470 0 0
20.0 17.81362393537499 7.387150069270379 -470 0 0
20.0 24.01362393537499 7.387150069270379 -470 0 0
20.0 30.21362393537499 7.387150069270379 -470 0 0
20.0 36.41362393537499 7.387150069270379 -470 0 0
20.0 42.613623935374996 7.387150069270379 -470 0 0
20.0 48.813623935375 7.387150069270379 -470 0 0
20.0 55.013623935375 7.387150069270379 -470 0 0
20.0 61.213623935375004 7.387150069270379 -470 0 0
20.0 67.413623935375 7.387150069270379 -470 0 0
20.0 73.613623935375 7.387150069270379 -470 0 0
20.0 79.813623935375 7.387150069270379 -470 0 0
20.0 86.01362393537501 7.387150069270379 -470 0 0
20.0 92.21362393537501 7.387150069270379 -470 0 0
20.0 98.41362393537501 7.387150069270379 -470 0 0
20.0 -96.9 12.756507572733899 -470 0 0
20.0 -90.65948204907144 12.756507572733899 -470 0 0
20.0 -84.45948204907144 12.756507572733899 -470 0 0
20.0 -78.25948204907144 12.756507572733899 -470 0 0
20.0 -72.05948204907143 12.756507572733899 -470 0 0
20.0 -65.85948204907143 12.756507572733899 -470 0 0
20.0 -59.65948204907142 12.756507572733899 -470 0 0
20.0 -53.45948204907142 12.756507572733899 -470 0 0
20.0 -47.259482049071416 12.756507572733899 -470 0 0
20.0 -41.05948204907141 12.756507572733899 -470 0 0
20.0 -34.85948204907141 12.756507572733899 -470 0 0
20.0 -28.65948204907141 12.756507572733899 -470 0 0
20.0 -22.45948204907141 12.756507572733899 -470 0 0
20.0 -16.259482049071412 12.756507572733899 -470 0 0
20.0 -10.059482049071415 12.756507572733899 -470 0 0
20.0 -3.859482049071414 12.756507572733899 -470 0 0
20.0 2.3405179509285863 12.756507572733899 -470 0 0
20.0 8.540517950928587 12.756507572733899 -470 0 0
20.0 14.740517950928586 12.756507572733899 -470 0 0
20.0 20.940517950928587 12.756507572733899 -470 0 0
20.0 27.140517950928587 12.756507572733899 -470 0 0
20.0 33.340517950928586 12.756507572733899 -470 0 0
20.0 39.54051795092859 12.756507572733899 -470 0 0
20.0 45.74051795092859 12.756507572733899 -470 0 0
20.0 51.940517950928594 12.756507572733899 -470 0 0
20.0 58.1405179509286 12.756507572733899 -470 0 0
20.0 64.3405179509286 12.756507572733899 -470 0 0
20.0 70.54051795092859 12.756507572733899 -470 0 0
20.0 76.74051795092859 12.756507572733899 -470 0 0
20.0 82.9405179509286 12.756507572733899 -470 0 0
20.0 89.1405179509286 12.756507572733899 -470 0 0
20.0 95.3405179509286 12.756507572733899 -470 0 0
20.0 101.5405179509286 12.756507572733899 -470 0 0
20.0 -100.0 18.125865076197417 -470 0 0
20.0 -93.71852703816096 18.125865076197417 -470 0 0
20.0 -87.51852703816095 18.125865076197417 -470 0 0
20.0 -81.31852703816095 18.125865076197417 -470 0 0
20.0 -75.11852703816095 18.125865076197417 -470 0 0
20.0 -68.91852703816095 18.125865076197417 -470 0 0
20.0 -62.71852703816094 18.125865076197417 -470 0 0
20.0 -56.51852703816094 18.125865076197417 -470 0 0
20.0 -50.31852703816094 18.125865076197417 -470 0 0
20.0 -44.118527038160934 18.125865076197417 -470 0 0
20.0 -37.91852703816093 18.125865076197417 -470 0 0
20.0 -31.718527038160932 18.125865076197417 -470 0 0
20.0 -25.518527038160933 18.125865076197417 -470 0 0
20.0 -19.318527038160934 18.125865076197417 -470 0 0
20.0 -13.118527038160934 18.125865076197417 -470 0 0
20.0 -6.918527038160934 18.125865076197417 -470 0 0
20.0 -0.7185270381609339 18.125865076197417 -470 0 0
20.0 5.481472961839066 18.125865076197417 -470 0 0
20.0 11.681472961839066 18.125865076197417 -470 0 0
20.0 17.881472961839066 18.125865076197417 -470 0 0
20.0 24.081472961839065 18.125865076197417 -470 0 0
20.0 30.281472961839064 18.125865076197417 -470 0 0
20.0 36.48147296183907 18.125865076197417 -470 0 0
20.0 42.68147296183907 18.125865076197417 -470 0 0
20.0 48.88147296183907 18.125865076197417 -470 0 0
20.0 55.081472961839076 18.125865076197417 -470 0 0
20.0 61.28147296183908 18.125865076197417 -470 0 0
20.0 67.48147296183907 18.125865076197417 -470 0 0
20.0 73.68147296183908 18.125865076197417 -470 0 0
20.0 79.88147296183908 18.125865076197417 -470 0 0
20.0 86.08147296183908 18.125865076197417 -470 0 0
20.0 92.28147296183909 18.125865076197417 -470 0 0
20.0 98.48147296183909 18.125865076197417 -470 0 0
20.0 -96.86753592612779 23.495222579660936 -470 0 0
20.0 -90.53138330863582 23.495222579660936 -470 0 0
20.0 -84.33138330863582 23.495222579660936 -470 0 0
20.0 -78.13138330863582 23.495222579660936 -470 0 0
20.0 -71.93138330863582 23.495222579660936 -470 0 0
20.0 -65.73138330863581 23.495222579660936 -470 0 0
20.0 -59.53138330863582 23.495222579660936 -470 0 0
20.0 -53.331383308635814 23.495222579660936 -470 0 0
20.0 -47.13138330863581 23.495222579660936 -470 0 0
20.0 -40.93138330863581 23.495222579660936 -470 0 0
20.0 -34.731383308635806 23.495222579660936 -470 0 0
20.0 -28.531383308635803 23.495222579660936 -470 0 0
20.0 -22.331383308635804 23.495222579660936 -470 0 0
20.0 -16.131383308635804 23.495222579660936 -470 0 0
20.0 -9.931383308635805 23.495222579660936 -470 0 0
20.0 -3.7313833086358055 23.495222579660936 -470 0 0
20.0 2.4686166913641947 23.495222579660936 -470 0 0
20.0 8.668616691364194 23.495222579660936 -470 0 0
20.0 14.868616691364196 23.495222579660936 -470 0 0
20.0 21.068616691364195 23.495222579660936 -470 0 0
20.0 27.268616691364194 23.495222579660936 -470 0 0
20.0 33.46861669136419 23.495222579660936 -470 0 0
20.0 39.66861669136419 23.495222579660936 -470 0 0
20.0 45.868616691364196 23.495222579660936 -470 0 0
20.0 52.0686166913642 23.495222579660936 -470 0 0
20.0 58.2686166913642 23.495222579660936 -470 0 0
20.0 64.4686166913642 23.495222579660936 -470 0 0
20.0 70.6686166913642 23.495222579660936 -470 0 0
20.0 76.86861669136421 23.495222579660936 -470 0 0
20.0 83.06861669136421 23.495222579660936 -470 0 0
20.0 89.26861669136422 23.495222579660936 -470 0 0
20.0 95.46861669136422 23.495222579660936 -470 0 0
20.0 101.66861669136422 23.495222579660936 -470 0 0
20.0 -100.0 28.864580083124455 -470 0 0
20.0 -93.59587567803787 28.864580083124455 -470 0 0
20.0 -87.39587567803787 28.864580083124455 -470 0 0
20.0 -81.19587567803786 28.864580083124455 -470 0 0
20.0 -74.99587567803786 28.864580083124455 -470 0 0
20.0 -68.79587567803786 28.864580083124455 -470 0 0
20.0 -62.59587567803786 28.864580083124455 -470 0 0
20.0 -56.395875678037854 28.864580083124455 -470 0 0
20.0 -50.19587567803785 28.864580083124455 -470 0 0
20.0 -43.99587567803785 28.864580083124455 -470 0 0
20.0 -37.795875678037845 28.864580083124455 -470 0 0
20.0 -31.595875678037846 28.864580083124455 -470 0 0
20.0 -25.395875678037847 28.864580083124455 -470 0 0
20.0 -19.195875678037847 28.864580083124455 -470 0 0
20.0 -12.995875678037848 28.864580083124455 -470 0 0
20.0 -6.795875678037848 28.864580083124455 -470 0 0
20.0 -0.5958756780378476 28.864580083124455 -470 0 0
20.0 5.604124321962153 28.864580083124455 -470 0 0
20.0 11.804124321962153 28.864580083124455 -470 0 0
20.0 18.004124321962152 28.864580083124455 -470 0 0
20.0 24.20412432196215 28.864580083124455 -470 0 0
20.0 30.40412432196215 28.864580083124455 -470 0 0
20.0 36.60412432196215 28.864580083124455 -470 0 0
20.0 42.804124321962156 28.864580083124455 -470 0 0
20.0 49.00412432196216 28.864580083124455 -470 0 0
20.0 55.20412432196216 28.864580083124455 -470 0 0
20.0 61.404124321962165 28.864580083124455 -470 0 0
20.0 67.60412432196216 28.864580083124455 -470 0 0
20.0 73.80412432196216 28.864580083124455 -470 0 0
20.0 80.00412432196217 28.864580083124455 -470 0 0
20.0 86.20412432196217 28.864580083124455 -470 0 0
20.0 92.40412432196217 28.864580083124455 -470 0 0
20.0 98.60412432196217 28.864580083124455 -470 0 0
20.0 -96.78864653364025 34.23393758658798 -470 0 0
20.0 -90.3037713026905 34.23393758658798 -470 0 0
20.0 -84.1037713026905 34.23393758658798 -470 0 0
20.0 -77.9037713026905 34.23393758658798 -470 0 0
20.0 -71.7037713026905 34.23393758658798 -470 0 0
20.0 -65.5037713026905 34.23393758658798 -470 0 0
20.0 -59.3037713026905 34.23393758658798 -470 0 0
20.0 -53.1037713026905 34.23393758658798 -470 0 0
20.0 -46.903771302690494 34.23393758658798 -470 0 0
20.0 -40.70377130269049 34.23393758658798 -470 0 0
20.0 -34.50377130269049 34.23393758658798 -470 0 0
20.0 -28.303771302690485 34.23393758658798 -470 0 0
20.0 -22.103771302690486 34.23393758658798 -470 0 0
20.0 -15.903771302690487 34.23393758658798 -470 0 0
20.0 -9.703771302690487 34.23393758658798 -470 0 0
20.0 -3.5037713026904878 34.23393758658798 -470 0 0
20.0 2.6962286973095124 34.23393758658798 -470 0 0
20.0 8.896228697309512 34.23393758658798 -470 0 0
20.0 15.096228697309513 34.23393758658798 -470 0 0
20.0 21.296228697309513 34.23393758658798 -470 0 0
20.0 27.496228697309512 34.23393758658798 -470 0 0
20.0 33.69622869730951 34.23393758658798 -470 0 0
20.0 39.89622869730951 34.23393758658798 -470 0 0
20.0 46.09622869730951 34.23393758658798 -470 0 0
20.0 52.296228697309516 34.23393758658798 -470 0 0
20.0 58.49622869730952 34.23393758658798 -470 0 0
20.0 64.69622869730952 34.23393758658798 -470 0 0
20.0 70.89622869730952 34.23393758658798 -470 0 0
20.0 77.09622869730953 34.23393758658798 -470 0 0
20.0 83.29622869730953 34.23393758658798 -470 0 0
20.0 89.49622869730953 34.23393758658798 -470 0 0
20.0 95.69622869730954 34.23393758658798 -470 0 0
20.0 101.89622869730954 34.23393758658798 -470 0 0
20.0 -100.0 39.603295090051496 -470 0 0
20.0 -93.42217028393662 39.603295090051496 -470 0 0
20.0 -87.14867965061755 39.603295090051496 -470 0 0
20.0 -80.94867965061755 39.603295090051496 -470 0 0
20.0 -74.74867965061755 39.603295090051496 -470 0 0
20.0 -68.54867965061754 39.603295090051496 -470 0 0
20.0 -62.34867965061754 39.603295090051496 -470 0 0
20.0 -56.14867965061754 39.603295090051496 -470 0 0
20.0 -49.948679650617535 39.603295090051496 -470 0 0
20.0 -43.74867965061753 39.603295090051496 -470 0 0
20.0 -37.54867965061753 39.603295090051496 -470 0 0
20.0 -31.34867965061753 39.603295090051496 -470 0 0
20.0 -25.14867965061753 39.603295090051496 -470 0 0
20.0 -18.94867965061753 39.603295090051496 -470 0 0
20.0 -12.748679650617532 39.603295090051496 -470 0 0
20.0 -6.548679650617532 39.603295090051496 -470 0 0
20.0 -0.34867965061753203 39.603295090051496 -470 0 0
20.0 5.851320349382468 39.603295090051496 -470 0 0
20.0 12.051320349382468 39.603295090051496 -470 0 0
20.0 18.251320349382468 39.603295090051496 -470 0 0
20.0 24.451320349382467 39.603295090051496 -470 0 0
20.0 30.651320349382466 39.603295090051496 -470 0 0
20.0 36.85132034938247 39.603295090051496 -470 0 0
20.0 43.05132034938247 39.603295090051496 -470 0 0
20.0 49.251320349382475 39.603295090051496 -470 0 0
20.0 55.45132034938248 39.603295090051496 -470 0 0
20.0 61.65132034938248 39.603295090051496 -470 0 0
20.0 67.85132034938248 39.603295090051496 -470 0 0
20.0 74.05132034938248 39.603295090051496 -470 0 0
20.0 80.25132034938248 39.603295090051496 -470 0 0
20.0 86.45132034938248 39.603295090051496 -470 0 0
20.0 92.65132034938249 39.603295090051496 -470 0 0
20.0 98.88934777697595 39.603295090051496 -470 0 0
20.0 -96.67657159074552 44.972652593515015 -470 0 0
20.0 -89.9942045195579 44.972652593515015 -470 0 0
20.0 -83.614745064959 44.972652593515015 -470 0 0
20.0 -77.41474506495899 44.972652593515015 -470 0 0
20.0 -71.21474506495899 44.972652593515015 -470 0 0
20.0 -65.01474506495899 44.972652593515015 -470 0 0
20.0 -58.814745064958984 44.972652593515015 -470 0 0
20.0 -52.61474506495898 44.972652593515015 -470 0 0
20.0 -46.41474506495898 44.972652593515015 -470 0 0
20.0 -40.214745064958976 44.972652593515015 -470 0 0
20.0 -34.01474506495897 44.972652593515015 -470 0 0
20.0 -27.814745064958977 44.972652593515015 -470 0 0
20.0 -21.614745064958974 44.972652593515015 -470 0 0
20.0 -15.414745064958977 44.972652593515015 -470 0 0
20.0 -9.214745064958977 44.972652593515015 -470 0 0
20.0 -3.0147450649589773 44.972652593515015 -470 0 0
20.0 3.185254935041023 44.972652593515015 -470 0 0
20.0 9.385254935041022 44.972652593515015 -470 0 0
20.0 15.585254935041023 44.972652593515015 -470 0 0
20.0 21.785254935041024 44.972652593515015 -470 0 0
20.0 27.98525493504102 44.972652593515015 -470 0 0
20.0 34.18525493504102 44.972652593515015 -470 0 0
20.0 40.385254935041026 44.972652593515015 -470 0 0
20.0 46.58525493504103 44.972652593515015 -470 0 0
20.0 52.78525493504103 44.972652593515015 -470 0 0
20.0 58.985254935041034 44.972652593515015 -470 0 0
20.0 65.18525493504103 44.972652593515015 -470 0 0
20.0 71.38525493504103 44.972652593515015 -470 0 0
20.0 77.58525493504104 44.972652593515015 -470 0 0
20.0 83.78525493504104 44.972652593515015 -470 0 0
20.0 89.98525493504104 44.972652593515015 -470 0 0
20.0 96.18525493504104 44.972652593515015 -470 0 0
20.0 102.54419336920613 44.972652593515015 -470 0 0
20.0 -100.0 50.342010096978534 -470 0 0
20.0 -93.20216158222563 50.342010096978534 -470 0 0
20.0 -86.70570972645379 50.342010096978534 -470 0 0
20.0 -80.4926771912082 50.342010096978534 -470 0 0
20.0 -74.2926771912082 50.342010096978534 -470 0 0
20.0 -68.0926771912082 50.342010096978534 -470 0 0
20.0 -61.89267719120819 50.342010096978534 -470 0 0
20.0 -55.69267719120819 50.342010096978534 -470 0 0
20.0 -49.49267719120819 50.342010096978534 -470 0 0
20.0 -43.292677191208185 50.342010096978534 -470 0 0
20.0 -37.09267719120818 50.342010096978534 -470 0 0
20.0 -30.892677191208183 50.342010096978534 -470 0 0
20.0 -24.692677191208183 50.342010096978534 -470 0 0
20.0 -18.492677191208184 50.342010096978534 -470 0 0
20.0 -12.292677191208185 50.342010096978534 -470 0 0
20.0 -6.0926771912081845 50.342010096978534 -470 0 0
20.0 0.10732280879181566 50.342010096978534 -470 0 0
20.0 6.307322808791816 50.342010096978534 -470 0 0
20.0 12.507322808791816 50.342010096978534 -470 0 0
20.0 18.707322808791815 50.342010096978534 -470 0 0
20.0 24.907322808791815 50.342010096978534 -470 0 0
20.0 31.107322808791814 50.342010096978534 -470 0 0
20.0 37.30732280879182 50.342010096978534 -470 0 0
20.0 43.50732280879182 50.342010096978534 -470 0 0
20.0 49.70732280879182 50.342010096978534 -470 0 0
20.0 55.907322808791825 50.342010096978534 -470 0 0
20.0 62.10732280879183 50.342010096978534 -470 0 0
20.0 68.30732280879182 50.342010096978534 -470 0 0
20.0 74.50732280879183 50.342010096978534 -470 0 0
20.0 80.70732280879183 50.342010096978534 -470 0 0
20.0 86.90732280879183 50.342010096978534 -470 0 0
20.0 93.12907567467339 50.342010096978534 -470 0 0
20.0 99.62231256636436 50.342010096978534 -470 0 0
20.0 -96.67541884445681 55.71136760044205 -470 0 0
20.0 -89.75183681920558 55.71136760044205 -470 0 0
20.0 -83.12805214821206 55.71136760044205 -470 0 0
20.0 -76.78562706731269 55.71136760044205 -470 0 0
20.0 -70.58562706731269 55.71136760044205 -470 0 0
20.0 -64.38562706731268 55.71136760044205 -470 0 0
20.0 -58.18562706731268 55.71136760044205 -470 0 0
20.0 -51.98562706731268 55.71136760044205 -470 0 0
20.0 -45.785627067312674 55.71136760044205 -470 0 0
20.0 -39.58562706731267 55.71136760044205 -470 0 0
20.0 -33.38562706731267 55.71136760044205 -470 0 0
20.0 -27.18562706731267 55.71136760044205 -470 0 0
20.0 -20.98562706731267 55.71136760044205 -470 0 0
20.0 -14.78562706731267 55.71136760044205 -470 0 0
20.0 -8.585627067312672 55.71136760044205 -470 0 0
20.0 -2.385627067312672 55.71136760044205 -470 0 0
20.0 3.8143729326873284 55.71136760044205 -470 0 0
20.0 10.014372932687328 55.71136760044205 -470 0 0
20.0 16.21437293268733 55.71136760044205 -470 0 0
20.0 22.41437293268733 55.71136760044205 -470 0 0
20.0 28.614372932687328 55.71136760044205 -470 0 0
20.0 34.81437293268733 55.71136760044205 -470 0 0
20.0 41.01437293268733 55.71136760044205 -470 0 0
20.0 47.21437293268733 55.71136760044205 -470 0 0
20.0 53.414372932687336 55.71136760044205 -470 0 0
20.0 59.61437293268734 55.71136760044205 -470 0 0
20.0 65.81437293268733 55.71136760044205 -470 0 0
20.0 72.01437293268734 55.71136760044205 -470 0 0
20.0 78.21437293268734 55.71136760044205 -470 0 0
20.0 84.41437293268734 55.71136760044205 -470 0 0
20.0 90.61437293268735 55.71136760044205 -470 0 0
20.0 96.99203269082344 55.71136760044205 -470 0 0
20.0 -100.0 61.08072510390557 -470 0 0
20.0 -92.9410634541713 61.08072510390557 -470 0 0
20.0 -86.180286472667 61.08072510390557 -470 0 0
20.0 -79.69873917198659 61.08072510390557 -470 0 0
20.0 -73.47809578572043 61.08072510390557 -470 0 0
20.0 -67.27809578572042 61.08072510390557 -470 0 0
20.0 -61.07809578572042 61.08072510390557 -470 0 0
20.0 -54.87809578572042 61.08072510390557 -470 0 0
20.0 -48.678095785720416 61.08072510390557 -470 0 0
20.0 -42.47809578572041 61.08072510390557 -470 0 0
20.0 -36.27809578572041 61.08072510390557 -470 0 0
20.0 -30.07809578572041 61.08072510390557 -470 0 0
20.0 -23.87809578572041 61.08072510390557 -470 0 0
20.0 -17.678095785720412 61.08072510390557 -470 0 0
20.0 -11.478095785720413 61.08072510390557 -470 0 0
20.0 -5.278095785720413 61.08072510390557 -470 0 0
20.0 0.9219042142795875 61.08072510390557 -470 0 0
20.0 7.121904214279588 61.08072510390557 -470 0 0
20.0 13.321904214279588 61.08072510390557 -470 0 0
20.0 19.521904214279587 61.08072510390557 -470 0 0
20.0 25.721904214279586 61.08072510390557 -470 0 0
20.0 31.921904214279586 61.08072510390557 -470 0 0
20.0 38.12190421427959 61.08072510390557 -470 0 0
20.0 44.32190421427959 61.08072510390557 -470 0 0
20.0 50.521904214279594 61.08072510390557 -470 0 0
20.0 56.7219042142796 61.08072510390557 -470 0 0
20.0 62.9219042142796 61.08072510390557 -470 0 0
20.0 69.1219042142796 61.08072510390557 -470 0 0
20.0 75.3219042142796 61.08072510390557 -470 0 0
20.0 81.5219042142796 61.08072510390557 -470 0 0
20.0 87.81520271474594 61.08072510390557 -470 0 0
20.0 94.3636522113409 61.08072510390557 -470 0 0
20.0 -96.49391207903703 66.4500826073691 -470 0 0
20.0 -89.29066015226306 66.4500826073691 -470 0 0
20.0 -82.38389882654337 66.4500826073691 -470 0 0
20.0 -75.75418812936691 66.4500826073691 -470 0 0
20.0 -69.38267847596282 66.4500826073691 -470 0 0
20.0 -63.18267847596281 66.4500826073691 -470 0 0
20.0 -56.98267847596281 66.4500826073691 -470 0 0
20.0 -50.782678475962804 66.4500826073691 -470 0 0
20.0 -44.5826784759628 66.4500826073691 -470 0 0
20.0 -38.3826784759628 66.4500826073691 -470 0 0
20.0 -32.182678475962796 66.4500826073691 -470 0 0
20.0 -25.982678475962796 66.4500826073691 -470 0 0
20.0 -19.782678475962797 66.4500826073691 -470 0 0
20.0 -13.582678475962798 66.4500826073691 -470 0 0
20.0 -7.382678475962799 66.4500826073691 -470 0 0
20.0 -1.182678475962799 66.4500826073691 -470 0 0
20.0 5.017321524037201 66.4500826073691 -470 0 0
20.0 11.217321524037201 66.4500826073691 -470 0 0
20.0 17.417321524037202 66.4500826073691 -470 0 0
20.0 23.6173215240372 66.4500826073691 -470 0 0
20.0 29.8173215240372 66.4500826073691 -470 0 0
20.0 36.0173215240372 66.4500826073691 -470 0 0
20.0 42.2173215240372 66.4500826073691 -470 0 0
20.0 48.417321524037206 66.4500826073691 -470 0 0
20.0 54.61732152403721 66.4500826073691 -470 0 0
20.0 60.81732152403721 66.4500826073691 -470 0 0
20.0 67.01732152403721 66.4500826073691 -470 0 0
20.0 73.2173215240372 66.4500826073691 -470 0 0
20.0 79.4173215240372 66.4500826073691 -470 0 0
20.0 85.6616571754552 66.4500826073691 -470 0 0
20.0 92.14492109041721 66.4500826073691 -470 0 0
20.0 98.88397701723555 66.4500826073691 -470 0 0
20.0 -100.0 71.81944011083262 -470 0 0
20.0 -92.64410201964135 71.81944011083262 -470 0 0
20.0 -85.5830096263969 71.81944011083262 -470 0 0
20.0 -78.79675786100326 71.81944011083262 -470 0 0
20.0 -72.26596030640623 71.81944011083262 -470 0 0
20.0 -65.97174765948017 71.81944011083262 -470 0 0
20.0 -59.77174765948017 71.81944011083262 -470 0 0
20.0 -53.57174765948017 71.81944011083262 -470 0 0
20.0 -47.371747659480164 71.81944011083262 -470 0 0
20.0 -41.17174765948016 71.81944011083262 -470 0 0
20.0 -34.97174765948016 71.81944011083262 -470 0 0
20.0 -28.77174765948016 71.81944011083262 -470 0 0
20.0 -22.57174765948016 71.81944011083262 -470 0 0
20.0 -16.37174765948016 71.81944011083262 -470 0 0
20.0 -10.171747659480161 71.81944011083262 -470 0 0
20.0 -3.971747659480161 71.81944011083262 -470 0 0
20.0 2.2282523405198393 71.81944011083262 -470 0 0
20.0 8.42825234051984 71.81944011083262 -470 0 0
20.0 14.62825234051984 71.81944011083262 -470 0 0
20.0 20.82825234051984 71.81944011083262 -470 0 0
20.0 27.02825234051984 71.81944011083262 -470 0 0
20.0 33.22825234051984 71.81944011083262 -470 0 0
20.0 39.42825234051984 71.81944011083262 -470 0 0
20.0 45.62825234051984 71.81944011083262 -470 0 0
20.0 51.828252340519846 71.81944011083262 -470 0 0
20.0 58.02825234051985 71.81944011083262 -470 0 0
20.0 64.22825234051984 71.81944011083262 -470 0 0
20.0 70.42825234051985 71.81944011083262 -470 0 0
20.0 76.65770825184202 71.81944011083262 -470 0 0
20.0 83.10995448851496 71.81944011083262 -470 0 0
20.0 89.8020616690324 71.81944011083262 -470 0 0
20.0 96.75150561124154 71.81944011083262 -470 0 0
20.0 -96.26966884766976 77.18879761429613 -470 0 0
20.0 -88.75339809723071 77.18879761429613 -470 0 0
20.0 -81.53024471776102 77.18879761429613 -470 0 0
20.0 -74.57970642234024 77.18879761429613 -470 0 0
20.0 -67.88184946210403 77.18879761429613 -470 0 0
20.0 -61.417247176675644 77.18879761429613 -470 0 0
20.0 -55.16692108837334 77.18879761429613 -470 0 0
20.0 -48.96692108837334 77.18879761429613 -470 0 0
20.0 -42.76692108837334 77.18879761429613 -470 0 0
20.0 -36.566921088373334 77.18879761429613 -470 0 0
20.0 -30.366921088373328 77.18879761429613 -470 0 0
20.0 -24.16692108837333 77.18879761429613 -470 0 0
20.0 -17.96692108837333 77.18879761429613 -470 0 0
20.0 -11.76692108837333 77.18879761429613 -470 0 0
20.0 -5.566921088373331 77.18879761429613 -470 0 0
20.0 0.6330789116266695 77.18879761429613 -470 0 0
20.0 6.83307891162667 77.18879761429613 -470 0 0
20.0 13.03307891162667 77.18879761429613 -470 0 0
20.0 19.23307891162667 77.18879761429613 -470 0 0
20.0 25.43307891162667 77.18879761429613 -470 0 0
20.0 31.63307891162667 77.18879761429613 -470 0 0
20.0 37.83307891162667 77.18879761429613 -470 0 0
20.0 44.033078911626674 77.18879761429613 -470 0 0
20.0 50.23307891162668 77.18879761429613 -470 0 0
20.0 56.43307891162668 77.18879761429613 -470 0 0
20.0 62.63307891162668 77.18879761429613 -470 0 0
20.0 68.83307891162667 77.18879761429613 -470 0 0
20.0 75.08195954077392 77.18879761429613 -470 0 0
20.0 81.53771004636856 77.18879761429613 -470 0 0
20.0 88.21769606083548 77.18879761429613 -470 0 0
20.0 95.13963308126914 77.18879761429613 -470 0 0
20.0 102.32164172307932 77.18879761429613 -470 0 0
20.0 -100.0 82.55815511775965 -470 0 0
20.0 -92.31620308452523 82.55815511775965 -470 0 0
20.0 -84.92384280584486 82.55815511775965 -470 0 0
20.0 -77.80186930595482 82.55815511775965 -470 0 0
20.0 -70.92979300094338 82.55815511775965 -470 0 0
20.0 -64.28762327931472 82.55815511775965 -470 0 0
20.0 -57.855810141560475 82.55815511775965 -470 0 0
20.0 -51.61518921165899 82.55815511775965 -470 0 0
20.0 -45.41518921165899 82.55815511775965 -470 0 0
20.0 -39.21518921165899 82.55815511775965 -470 0 0
20.0 -33.015189211658985 82.55815511775965 -470 0 0
20.0 -26.815189211658986 82.55815511775965 -470 0 0
20.0 -20.615189211658986 82.55815511775965 -470 0 0
20.0 -14.415189211658987 82.55815511775965 -470 0 0
20.0 -8.215189211658988 82.55815511775965 -470 0 0
20.0 -2.0151892116589876 82.55815511775965 -470 0 0
20.0 4.184810788341013 82.55815511775965 -470 0 0
20.0 10.384810788341014 82.55815511775965 -470 0 0
20.0 16.584810788341013 82.55815511775965 -470 0 0
20.0 22.784810788341012 82.55815511775965 -470 0 0
20.0 28.98481078834101 82.55815511775965 -470 0 0
20.0 35.18481078834101 82.55815511775965 -470 0 0
20.0 41.384810788341014 82.55815511775965 -470 0 0
20.0 47.58481078834102 82.55815511775965 -470 0 0
20.0 53.78481078834102 82.55815511775965 -470 0 0
20.0 59.98481078834102 82.55815511775965 -470 0 0
20.0 66.28726767247075 82.55815511775965 -470 0 0
20.0 72.78109682345632 82.55815511775965 -470 0 0
20.0 79.48403627234939 82.55815511775965 -470 0 0
20.0 86.41412374955954 82.55815511775965 -470 0 0
20.0 93.58975128142852 82.55815511775965 -470 0 0
20.0 -96.1360342237152 87.92751262122317 -470 0 0
20.0 -88.27809770483877 87.92751262122317 -470 0 0
20.0 -80.70993326398245 87.92751262122317 -470 0 0
20.0 -73.40993492901778 87.92751262122317 -470 0 0
20.0 -66.3570503397814 87.92751262122317 -470 0 0
20.0 -59.53071970158385 87.92751262122317 -470 0 0
20.0 -52.91081803674867 87.92751262122317 -470 0 0
20.0 -46.47760115972837 87.92751262122317 -470 0 0
20.0 -40.21165582905996 87.92751262122317 -470 0 0
20.0 -34.011655829059954 87.92751262122317 -470 0 0
20.0 -27.811655829059955 87.92751262122317 -470 0 0
20.0 -21.611655829059956 87.92751262122317 -470 0 0
20.0 -15.411655829059956 87.92751262122317 -470 0 0
20.0 -9.211655829059957 87.92751262122317 -470 0 0
20.0 -3.011655829059956 87.92751262122317 -470 0 0
20.0 3.188344170940044 87.92751262122317 -470 0 0
20.0 9.388344170940044 87.92751262122317 -470 0 0
20.0 15.588344170940044 87.92751262122317 -470 0 0
20.0 21.788344170940043 87.92751262122317 -470 0 0
20.0 27.988344170940042 87.92751262122317 -470 0 0
20.0 34.18834417094004 87.92751262122317 -470 0 0
20.0 40.388344170940044 87.92751262122317 -470 0 0
20.0 46.58834417094005 87.92751262122317 -470 0 0
20.0 52.78834417094005 87.92751262122317 -470 0 0
20.0 59.01945793358217 87.92751262122317 -470 0 0
20.0 65.40920161484165 87.92751262122317 -470 0 0
20.0 71.97554663034776 87.92751262122317 -470 0 0
20.0 78.73666947609459 87.92751262122317 -470 0 0
20.0 85.71100260535611 87.92751262122317 -470 0 0
20.0 92.91728783698113 87.92751262122317 -470 0 0
20.0 100.37463185137763 87.92751262122317 -470 0 0
20.0 -100.0 93.29687012468669 -470 0 0
20.0 -91.96181566951748 93.29687012468669 -470 0 0
20.0 -84.21176194525366 93.29687012468669 -470 0 0
20.0 -76.72766956349582 93.29687012468669 -470 0 0
20.0 -69.48791765391633 93.29687012468669 -470 0 0
20.0 -62.47137300203319 93.29687012468669 -470 0 0
20.0 -55.65733291938731 93.29687012468669 -470 0 0
20.0 -49.02547212340722 93.29687012468669 -470 0 0
20.0 -42.55579402792889 93.29687012468669 -470 0 0
20.0 -36.22858680069247 93.29687012468669 -470 0 0
20.0 -30.024384447510204 93.29687012468669 -470 0 0
20.0 -23.824384447510205 93.29687012468669 -470 0 0
20.0 -17.624384447510206 93.29687012468669 -470 0 0
20.0 -11.424384447510207 93.29687012468669 -470 0 0
20.0 -5.224384447510206 93.29687012468669 -470 0 0
20.0 0.9756155524897938 93.29687012468669 -470 0 0
20.0 7.175615552489794 93.29687012468669 -470 0 0
20.0 13.375615552489794 93.29687012468669 -470 0 0
20.0 19.575615552489793 93.29687012468669 -470 0 0
20.0 25.775615552489793 93.29687012468669 -470 0 0
20.0 31.975615552489792 93.29687012468669 -470 0 0
20.0 38.175615552489795 93.29687012468669 -470 0 0
20.0 44.415874374681906 93.29687012468669 -470 0 0
20.0 50.78237122253011 93.29687012468669 -470 0 0
20.0 57.293481088190376 93.29687012468669 -470 0 0
20.0 63.96770453774591 93.29687012468669 -470 0 0
20.0 70.82371311245896 93.29687012468669 -470 0 0
20.0 77.88039824871534 93.29687012468669 -470 0 0
20.0 85.15692324381763 93.29687012468669 -470 0 0
20.0 92.67277780820876 93.29687012468669 -470 0 0
20.0 -95.92566720720912 98.66622762815021 -470 0 0
20.0 -87.70159707758164 98.66622762815021 -470 0 0
20.0 -79.76404452158226 98.66622762815021 -470 0 0
20.0 -72.09027089542782 98.66622762815021 -470 0 0
20.0 -64.65808200841683 98.66622762815021 -470 0 0
20.0 -57.44576770384674 98.66622762815021 -470 0 0
20.0 -50.43204530776384 98.66622762815021 -470 0 0
20.0 -43.59600730930904 98.66622762815021 -470 0 0
20.0 -36.9170736083459 98.66622762815021 -470 0 0
20.0 -30.37494859270065 98.66622762815021 -470 0 0
20.0 -23.949583183863982 98.66622762815021 -470 0 0
20.0 -17.621141817075102 98.66622762815021 -470 0 0
20.0 -11.369974107298162 98.66622762815021 -470 0 0
20.0 -5.169974107298162 98.66622762815021 -470 0 0
20.0 1.030025892701838 98.66622762815021 -470 0 0
20.0 7.230025892701838 98.66622762815021 -470 0 0
20.0 13.430025892701838 98.66622762815021 -470 0 0
20.0 19.630025892701838 98.66622762815021 -470 0 0
20.0 25.830025892701837 98.66622762815021 -470 0 0
20.0 32.08184107554143 98.66622762815021 -470 0 0
20.0 38.41005835705806 98.66622762815021 -470 0 0
20.0 44.83355491692929 98.66622762815021 -470 0 0
20.0 51.37123668491968 98.66622762815021 -470 0 0
20.0 58.042073365024294 98.66622762815021 -470 0 0
20.0 64.86513780908899 98.66622762815021 -470 0 0
20.0 71.85964953331985 98.66622762815021 -470 0 0
20.0 79.04502204469786 98.66622762815021 -470 0 0
20.0 86.44091357079722 98.66622762815021 -470 0 0
20.0 94.06728076063119 98.66622762815021 -470 0 0
20.0 101.94443493705852 98.66622762815021 -470 0 0
